PropID
0001040012
0001040047
0002050002
0002050014
0002141008
0002141028
0002141068
0002141073
0002141099
0002146014
0002147002
0003031012
0003031098
0003031104
0003032023
0003061043
0003100002
0003100003
0003102018
0003152001
0003160014
0003160017
0004050011
0004050044
0004101014
0004101041
0004102002
0004103010
0004121023
0004121056
0004130003
0004151034
0004151048
0004152005
0004152035
0005021001
0005080009
0005080057
0006021017
0006040007
0006040019
0006071066
0006071067
0006071073
0006071197
0007041012
0007051015
0007051028
0007051086
0007070010
0007071035
0007071042
0007071045
0007071058
0007141058
0007141108
0007141120
0008021048
0008022021
0008022104
0008022105
0008023014
0008023028
0008023038
0008026010
0008041016
0008041035
0008042018
0008061087
0008111008
0008111010
0008111017
0008144041
0009030003
0009043048
0009053006
0009053013
0009053022
0009060017
0009100037
0009111079
0009112030
0009112034
0009112065
0009112150
0009160004
0009160026
0010020022
0010030020
0010031080
0010032008
0010032080
0010033024
0010061046
0010061056
0010062049
0010062050
0010070004
0010131012
0010131026
0010131027
0011021004
0011021021
0011021022
0011021047
0011021071
0011024007
0011081028
0011083008
0011083042
0011083054
0011162003
0012042133
0012042165
0012042198
0012051006
0012051013
0012051014
0012051049
0013010015
0013041083
0013044030
0013044071
0013044074
0013070042
0013080001
0013100012
0013100032
0014011025
0014011032
0015011086
0015011090
0015011150
0015011166
0015011182
0015011204
0015011288
0015022024
0015022040
0015022131
0015022146
0016050002
0016050027
0016050030
0016060021
0016080010
0016090022
0016090041
0016090062
0016110019
0016120020
0016120036
0016140012
0017011001
0017011038
0017070004
0018050032
0018080016
0018120022
0018160010
0018160067
0019050035
0019060033
0019060062
0019080046
0019100058
0019110040
0019130002
0019140008
0019140079
0019160013
0020011041
0020011059
0020011092
0020011112
0020011177
0020011253
0020011327
0020011329
0020030002
0020090027
0020100111
0020100115
0020100116
0020100117
0020100166
0020130006
0020160022
0020160027
0021010004
0021100007
0021100022
0021160026
0021160067
0022160003
0023060001
0023060005
0023080002
0025031012
0025031017
0025031018
0025031019
0025031020
0025060043
0025070099
0025080067
0025080077
0025090034
0025100066
0025110072
0025110074
0025110079
0025121028
0025123003
0025123008
0025130003
0025130022
0025140022
0025140055
0025140073
0025150016
0025150086
0025150138
0026040081
0027020099
0027020124
0027022022
0027022026
0027030052
0027060018
0027060061
0027070052
0027100016
0027100025
0028040001
0028060041
0028060096
0028110005
0028120033
0029021068
0029060029
0029083008
0029083088
0029083093
0029083098
0029110062
0029140095
0029140125
0029150042
0030080047
0030100002
0030100018
0030150019
0031030012
0031080020
0031130012
0031161012
0031161053
0032020002
0032021052
0032030035
0032040014
0032040024
0032070019
0032090003
0032130047
0032140017
0033012048
0033051009
0033092025
0033092055
0033092060
0033121021
0033121033
0033131006
0033161003
0033161029
0033161030
0033164003
0034011027
0034011047
0034040012
0034051007
0034051031
0034081011
0034081017
0034081018
0034081096
0034090004
0034091033
0034092013
0034111098
0034123023
0035031003
0035041064
0035061019
0035061034
0035061052
0035121035
0035131011
0036031004
0036031014
0036041022
0036041070
0036051021
0036051023
0036051074
0036061051
0036111041
0036121048
0036140027
0037060005
0037110038
0037120004
0038030005
0038060027
0038070044
0038080002
0038080004
0038080064
0038080084
0038080095
0038110025
0038130046
0038150008
0039020008
0039021026
0039031015
0039031049
0039050030
0039062001
0039062010
0039072010
0039072027
0039100014
0039100042
0039110033
0039120006
0039120011
0039160007
0040010009
0040010019
0040080031
0040130032
0040150038
0040160039
0041020006
0041050033
0041060038
0041070047
0041091029
0041110005
0041110020
0041112013
0041113004
0041120051
0041120053
0041130020
0041132011
0041141002
0041143005
0041145009
0041146012
0042010067
0042020010
0042020019
0042020052
0042030006
0042030009
0042030050
0042040030
0042050041
0042070017
0042070026
0042090033
0042100068
0042110002
0042130015
0042160013
0042160017
0043010025
0043020032
0043060017
0043060018
0043080065
0043090079
0043100011
0043100037
0043110045
0043111018
0043111021
0043140064
0044030037
0044050007
0044141003
0044141013
0045030031
0045060009
0045060010
0045060045
0045060086
0045060087
0045070022
0045070035
0045140021
0045160003
0046020013
0046020037
0046040035
0046060009
0046060040
0046070014
0047120006
0047120035
0047120036
0047150003
0047150005
0047150009
0047150013
0047150017
0047160010
0047160012
0048010166
0048010170
0048020079
0048020099
0048020126
0048030121
0049020028
0049030001
0049040017
0049040027
0049100022
0049100034
0049110052
0049120005
0049130038
0049130054
0049140016
0049150017
0049150022
0049150058
0049150067
0050080034
0051041012
0051080010
0051110016
0051120049
0051140030
0051150004
0052010021
0052010065
0052020076
0052020080
0052030048
0052070006
0052070019
0052100004
0052100006
0052100008
0052150021
0052150022
0053020028
0053030007
0053040009
0053041032
0053042009
0053043016
0053044024
0053052018
0053054008
0053057019
0053058015
0053121002
0053121087
0054040018
0054040052
0054050056
0054070025
0054110075
0054110087
0054120029
0054120081
0054140005
0054150027
0054150028
0055020060
0055020166
0055020193
0055040051
0055040093
0055040099
0055060001
0055090025
0055090041
0055110009
0055140013
0055160010
0055160020
0056010053
0056020024
0056050010
0056070004
0056070062
0056080002
0056080037
0056080066
0056100035
0056100050
0056110041
0056110050
0056120008
0056120038
0056130008
0056140043
0056150073
0056150085
0056160057
0057010010
0057010062
0057020038
0057020076
0057030021
0057040029
0057040055
0057040065
0057050099
0057070029
0057080017
0057080023
0057080046
0057090002
0057092019
0057110021
0057110055
0057150025
0057150044
0057150059
0058010038
0058050004
0058050031
0058050049
0058060033
0058080002
0058090009
0058090033
0058100026
0058130038
0058150035
0058160041
0058160042
0059020009
0059020046
0059040021
0059060021
0059060037
0059060052
0059073013
0059073014
0059074001
0059074015
0059075008
0059080029
0059091002
0059091021
0059110023
0059120049
0059130020
0059142008
0059142022
0059150004
0059152009
0059162002
0059162026
0060020015
0060040143
0060040146
0060040157
0060050012
0060051013
0060051022
0060051034
0060060014
0060060069
0060070003
0060070055
0060070058
0060090020
0060090022
0060122026
0060122065
0060131010
0060140003
0061010038
0061030008
0061042019
0061042021
0061051004
0061051036
0061052034
0061052050
0061053010
0061053016
0061090063
0061120010
0061121020
0061121021
0061121041
0061121099
0061123010
0061124010
0061130024
0061134011
0061134013
0061140001
0061140067
0061150060
0062010009
0062010019
0062020022
0062030014
0062030033
0062050004
0062050028
0062060010
0062060019
0062070012
0062140036
0062140049
0062160023
0063010038
0063010097
0063020104
0063030002
0063030033
0063030037
0063040081
0063040116
0063060031
0063060047
0063070018
0063080037
0063080074
0063080094
0063090059
0063090067
0063100054
0063100098
0063110018
0063110039
0063110053
0063120002
0063140010
0063150073
0063150091
0063160001
0063160002
0063160006
0063160035
0064020025
0064040003
0064050012
0064100039
0064100062
0064100067
0064100072
0064110016
0065020003
0065020082
0065030028
0065030069
0065040038
0065040043
0065040066
0065050034
0065050067
0065060002
0065060056
0065060071
0065070003
0065070011
0065070053
0065070055
0065070056
0065110012
0065110097
0066030022
0066031017
0066035001
0066035002
0066035005
0066035007
0066035009
0066050055
0066050061
0066052007
0066053002
0066060017
0066071040
0066071082
0066103011
0066104033
0066112016
0066143018
0066152035
0067020009
0067032001
0067032002
0067033028
0067033040
0067071011
0067101036
0067140008
0068031053
0068032002
0068032008
0068032019
0068032025
0068032037
0068091016
0068091052
0068091062
0068100043
0068150034
0068150041
0069020013
0069020018
0069020039
0069031017
0069031106
0069031175
0069031198
0069031202
0069060051
0069080015
0069090034
0069110055
0069140043
0069140046
0069150004
0069150005
0069160012
0070051011
0070051057
0070051091
0070051110
0070052027
0070052031
0070060021
0070060103
0070081027
0070082001
0071020030
0071040071
0071060023
0071080033
0071080050
0071090015
0071100014
0071100036
0071110049
0071110076
0071130057
0072030001
0072030058
0072050079
0072050086
0072060046
0072070051
0072110042
0072110048
0072120014
0072130006
0072130051
0072161003
0072161013
0072161025
0072161049
0073030033
0073050033
0073070072
0073070083
0073140003
0074010041
0074010061
0074020012
0074020019
0074030006
0074050044
0074050058
0074061002
0074061004
0074061017
0074061018
0074120001
0074120041
0074160080
0075011041
0075030011
0075030016
0075040038
0075050051
0075050077
0075060063
0075080062
0075080076
0075090041
0075100023
0075110059
0075110060
0075120022
0075120044
0075140012
0075140013
0075150027
0075162009
0075165002
0075168004
0075169001
0075169012
0076020018
0076060001
0076090056
0076100003
0076100028
0076140012
0076140029
0076150001
0076150005
0076150023
0077010037
0077020026
0077060006
0077090022
0077150037
0077160017
0078020029
0078060028
0078100009
0079090022
0079160004
0080090021
0080156054
0080157029
0080157059
0080165001
0080165013
0080170068
0080230008
0080230024
0080251001
0080253005
0081030026
0081050004
0081050027
0081070028
0081070054
0081100007
0081100032
0081110011
0081110029
0081150038
0081160016
0082010006
0082040060
0082050006
0082050012
0082050024
0082050034
0082050045
0082050048
0082050065
0082052005
0082060041
0082090005
0082110019
0082110020
0082110054
0082123003
0082123004
0082128002
0082140043
0082160035
0083011002
0083011011
0083020025
0083061069
0083070005
0083070026
0084013011
0084014163
0084014212
0084014226
0084014227
0084014228
0084014232
0084014262
0084014305
0084014318
0084021002
0084023008
0084023019
0084023021
0084050005
0084072013
0084072017
0084073002
0084081029
0084082022
0084085027
0084102008
0085030029
0085040038
0085040052
0085050064
0085060041
0085060044
0085060045
0085080018
0085090008
0085110012
0085120007
0085150066
0086011047
0086012037
0086020002
0086031078
0086071003
0086071019
0086071022
0086071024
0086071085
0086090031
0086130002
0086130025
0086130026
0086160032
0087020044
0087050038
0087060025
0087060036
0087072015
0087072605
0087110087
0087120045
0087140012
0087140069
0088011001
0088030003
0088030005
0088030006
0088030007
0088030026
0088030050
0088060009
0088091031
0088091048
0088091094
0088091108
0088100035
0088100037
0088101060
0088101082
0088122019
0088122031
0088123003
0088131196
0088131208
0088131224
0088132019
0088132021
0088136007
0088140005
0088150021
0088160016
0089040014
0089080005
0089080075
0090020012
0090040058
0090050005
0090050009
0090050014
0090050033
0090101008
0090110022
0090110036
0090140002
0090141026
0091010022
0091020005
0091040030
0091070038
0091080045
0091080075
0091140036
0091160012
0092041009
0093010027
0093010041
0093030039
0093050009
0093050011
0093120037
0093130068
0094040071
0094060060
0094101084
0094101096
0094101127
0094111016
0094111034
0094111048
0094111050
0094111051
0094111060
0094111092
0094111159
0094111214
0094111223
0094111246
0094121023
0094121063
0094121064
0094121081
0094121152
0094121192
0094121203
0095121019
0095130010
0095150012
0095160053
0096010009
0096021003
0096022021
0096030035
0096030043
0096030263
0096030267
0096032008
0096032014
0096033004
0096034020
0096060211
0096060225
0096060236
0096100083
0096110229
0096130289
0096130327
0096130343
0097032001
0097040012
0097091036
0097091228
0097091313
0097121001
0098010012
0098010051
0098050110
0098070019
0098090013
0098110052
0098110053
0098110054
0098110055
0098110056
0098110118
0098110119
0098110120
0098110121
0098110122
0098110123
0098110124
0098110141
0098110147
0098160036
0099032035
0099032050
0099032155
0099032171
0099040016
0100010050
0100010086
0100010098
0100010103
0100010126
0100100009
0100110032
0101020002
0101020066
0101030003
0101050005
0101050048
0101050061
0101060003
0101060055
0101070025
0101081008
0101092008
0101100014
0101110025
0101120024
0101120037
0101120075
0101130015
0101130060
0101130065
0101140024
0101140051
0101140055
0101140083
0101150025
0101150040
0101160023
0101165018
0102010026
0102020034
0102040011
0102050003
0102050036
0102060014
0102090011
0102110031
0102110049
0103010059
0103020014
0103080078
0103090009
0103111071
0103111179
0103111193
0103120011
0103130029
0104040012
0104040021
0104050043
0104080018
0104091024
0104091072
0104091188
0104091190
0104091214
0104110014
0104120039
0104130005
0104130039
0104131006
0104132008
0104132024
0104132034
0104132095
0104132104
0104132109
0104132123
0104132179
0104140025
0104140035
0104140045
0104150055
0104161043
0105020002
0105020007
0105020027
0105021004
0105021050
0105040001
0105041029
0105042052
0105042053
0105043039
0105044042
0105044050
0105044055
0105044074
0105046048
0105048010
0105048035
0105080034
0105131048
0105134078
0105134111
0105134134
0105134163
0105134211
0105135001
0105135218
0105135239
0105135245
0105135279
0105136031
0105138019
0105139027
0105139261
0105160016
0106010026
0106031049
0106031072
0106031098
0106034015
0106034085
0106034093
0106034117
0106034137
0106035038
0106036015
0106037029
0106038042
0106038043
0106038053
0106038124
0106039202
0106062008
0106062009
0106071048
0106071066
0106071080
0106071086
0106072019
0106072064
0106072070
0106072082
0106072086
0106074058
0106074085
0106074115
0106075617
0106152047
0106152061
0106152116
0106152129
0106154031
0106154038
0106154050
0106155007
0106155049
0107011032
0107021023
0107021037
0107021043
0107023011
0107025042
0107030045
0108011085
0108014054
0108015087
0108016068
0108016086
0108016110
0108018027
0108071067
0108104008
0108156028
0108161003
0108163006
0108163076
0108163088
0108163089
0108164002
0108176003
0108230016
0108240007
0108250001
0109020031
0109020041
0109030033
0109030059
0109060027
0109090010
0110040005
0110070019
0110140011
0110140023
0111010008
0111020012
0111020019
0111030001
0111030006
0111030034
0111041025
0111044104
0111044106
0111060020
0111060024
0111060028
0111060039
0111081023
0111081034
0111092012
0111092033
0111100028
0111100046
0111110036
0111110040
0111140023
0111150039
0111160030
0112011013
0112011019
0112020013
0112020040
0112030020
0112070015
0112070041
0112080003
0112090004
0112090010
0112090030
0112100022
0112150070
0113020005
0113030041
0113030046
0113040014
0113040030
0113041025
0113041036
0113041042
0113060012
0113060032
0113100005
0113110009
0113131049
0113131056
0113160010
0114070012
0114070016
0114080017
0114150029
0115041201
0115041307
0115041701
0115043503
0115070006
0115080004
0115080015
0115122002
0115122018
0115123013
0116020015
0116040018
0116070016
0116070026
0116070027
0116070045
0116070046
0116130022
0116160024
0117010001
0117010008
0117010047
0117020016
0117040369
0117040388
0117040395
0117080007
0117090003
0118060018
0118070020
0118110010
0118110013
0118130064
0118150013
0119030014
0119030062
0119040063
0119070003
0119110002
0120030016
0120050013
0120070032
0120100022
0120120003
0120120016
0120120040
0121010016
0121010023
0121050005
0121090025
0121160008
0122010045
0122040033
0122090001
0122100026
0122140010
0122150013
0122160007
0122160014
0123030017
0123042106
0123061003
0123061022
0123071001
0124021006
0124021096
0124021109
0124021151
0124021209
0124021238
0124021303
0124021331
0124021378
0124092207
0124092707
0124092905
0124093107
0124093110
0124120028
0125030065
0126011004
0126062032
0126071020
0126073010
0126101014
0126101046
0126101053
0126102010
0126112010
0126161001
0126162082
0126162099
0126162107
0126162113
0126163012
0127100001
0127100003
0128100006
0129011010
0129011107
0129071030
0129072022
0129072024
0129081061
0129082010
0129082022
0129083015
0129161001
0129162010
0129172030
0129174008
0129176013
0129241023
0129242009
0129242014
0129243001
0130010058
0130010059
0130080025
0130080037
0130080053
0131131076
0131131101
0131131109
0131160004
0132011002
0132011808
0132012010
0132013002
0132013005
0132013028
0132013116
0132013216
0132013267
0132013305
0132013327
0132013330
0132040081
0132050090
0132090019
0132090028
0132101033
0132101135
0132101184
0132101193
0132110032
0132120096
0132130023
0133010051
0133040006
0133051102
0133051103
0133051329
0133051408
0133070019
0133090017
0133090020
0133140019
0134101108
0134110003
0134130016
0134150011
0134151014
0134151048
0134152013
0134160001
0135010008
0135100020
0135100036
0135130001
0135150016
0136030272
0136040037
0136090159
0136090205
0136100116
0136110005
0136150220
0137010047
0137021007
0137021013
0137070118
0137080030
0137080074
0137120020
0137160007
0137160036
0138010015
0138010037
0138030010
0138030017
0138030019
0138050038
0138050046
0138050112
0138050121
0138060006
0138070009
0138070031
0138070032
0138100001
0138100007
0138100010
0138120077
0138120112
0138120144
0138120182
0138120189
0138140401
0138140407
0139010187
0139010201
0139020012
0139020016
0139050226
0139050257
0139070031
0139070049
0139070055
0139070060
0139070073
0139070080
0139080131
0139080136
0139080143
0139080163
0139080348
0139090262
0139101010
0139101057
0139101058
0139101059
0139101060
0139101061
0139101062
0139101063
0139101074
0139101079
0139101080
0139110272
0139110273
0139110282
0139110286
0139110316
0139110318
0139110319
0139110320
0139110321
0139110326
0139110328
0139150211
0139150212
0139150226
0139150227
0139150228
0139150229
0140050001
0140050012
0140090042
0140160015
0141030009
0141070007
0141120013
0141140016
0142030016
0142040014
0142040015
0142060011
0142070015
0142140011
0142151010
0143020079
0143020099
0143020100
0143030011
0143090005
0143100035
0143140021
0143140039
0144010006
0144010012
0145150006
0146150002
0147061104
0147063029
0147081019
0147081049
0147081068
0147081137
0147081180
0147081191
0147081200
0147160009
0147160018
0148011013
0148011018
0148150047
0149030003
0149100006
0149100008
0149160003
0149160032
0150020032
0150030018
0150110001
0150130039
0150130058
0150130066
0150130077
0153160001
0155020030
0155030036
0155030042
0155040018
0157011003
0157012008
0157012022
0157021055
0157021060
0157030015
0157031019
0157032041
0157032076
0157032112
0157032131
0157032160
0157033047
0157160044
0158010020
0158010038
0158020014
0158040025
0158080017
0158080039
0158100002
0158100023
0158160003
0159030011
0159080010
0159240004
0160010005
0160011021
0160011025
0160011045
0160012011
0160021022
0160030005
0160050001
0160050007
0160060002
0160063012
0160064003
0160064025
0160064102
0160090008
0160100031
0160100033
0160110020
0160111013
0160111016
0160120011
0160130014
0160140017
0160160024
0161020003
0161020006
0161060018
0161060026
0161060032
0161080020
0161110007
0161110030
0161110033
0162010027
0162040001
0162040006
0162050001
0162050008
0162050013
0162110092
0162120049
0162130024
0163050007
0163050023
0163050049
0163090004
0163090019
0163090021
0163130039
0163150248
0164020050
0164060021
0164080148
0164090004
0164131001
0165010185
0165010207
0165010310
0165010313
0165010341
0165010344
0165080005
0165120011
0165131070
0165141049
0165160018
0165160019
0166020036
0166070030
0166090001
0166090028
0166150004
0167110003
0167140004
0168100005
0168100016
0168100017
0168160053
0169020003
0169020026
0169080014
0169080038
0169160021
0169160036
0169160038
0169164151
0169164213
0169164214
0169164242
0170010070
0170020040
0170080002
0170080004
0170080023
0170090021
0170100038
0170111098
0170111173
0170120006
0170121109
0170121110
0171020042
0171040050
0171050018
0171070008
0171110005
0171111012
0171111024
0171120037
0171130023
0171140014
0171140015
0172020011
0172020066
0172030012
0172030022
0172060039
0172070010
0172070019
0172081016
0172081019
0172140020
0172140032
0172140051
0172150007
0172150013
0174160017
0175010022
0175080038
0176082001
0176083006
0176084006
0185110001
0186100037
0186100048
0186100061
0186110094
0186110096
0186160034
0187100005
0195090203
0195090210
0195090211
0195160326
0196010228
0196010249
0196010257
0196010258
0196010277
0197040026
0197110067
0197110068
0197130168
0198040206
0207160152
0208090004
0208090085
0208100064
0208100065
0208100066
0208100069
0208110006
0208110020
0208110031
0208110117
0209081008
0211090020
0211100001
0212140003
0213030331
0213030339
0213030341
0213030349
0213030351
0213030372
0213030374
0213030376
0213060005
0213060016
0213080002
0213110012
0213140001
0213150003
0214050226
0214060027
0214110005
0214110025
0214110033
0214110044
0214120059
0215031005
0217160005
0217160020
0218010240
0218010250
0218010300
0219002100
0219002180
0219041004
0219041005
0219041006
0219041007
0220003120
0220030029
0221013306
0222030044
0222030045
0222030084
0222030102
0230003189
0232030090
0232060004
0232060050
0232060129
0232100018
0232100033
0232100039
0233050008
0234041860
0234100008
0235030330
0235030403
0235030404
0235080064
0236020134
0236020206
0236050026
0236060016
0236100008
0236130006
0236130027
0238140019
0239060040
0239060058
0239070040
0239070055
0240030067
0240030080
0240030111
0241100013
0241140002
0242020002
0242050002
0242050017
0243070002
0243080002
0243080028
0243090007
0243090009
0243090028
0243160023
0244070002
0244110015
0244110019
0244120013
0245040003
0245050010
0245060033
0245070016
0245070023
0245100008
0245120015
0245130019
0245150046
0245150068
0245160006
0245160008
0246040007
0246050016
0256030890
0257050053
0257051030
0257051033
0257110032
0257130015
0257130033
0257140003
0257140014
0257140037
0257140055
0257140086
0258020015
0258030005
0258040028
0258080038
0258100031
0258130019
0259030031
0259030071
0259030126
0259030137
0259100004
0259120096
0259120131
0259130105
0260072004
0260120007
0260160002
0261010051
0261020047
0261020083
0261060057
0261070109
0261080155
0261090101
0261090111
0261110061
0261140119
0261150059
0261150081
0261150111
0261160069
0261160125
0262020037
0262040006
0262070041
0263100005
0264160013
0265050038
0265050084
0265050096
0266030009
0266030012
0266030033
0266030044
0266160012
0266160027
0266160035
0267040005
0267110022
0267120009
0267151014
0267151032
0268040001
0268071027
0268072001
0268081022
0268082025
0268120015
0269020660
0269031190
0269041230
0269050010
0269050070
0270060430
0277020020
0277020036
0278010130
0278010960
0281020010
0281050026
0281070001
0281150004
0283050011
0283130003
0284130006
0284140009
0284140010
0284140016
0284140017
0285120031
0285130011
0287030011
0288050008
0288140009
0291011011
0291081027
0291081031
0291081032
0291091124
0291161062
0291161067
0291161093
0291161106
0293072165
0293072166
0293152196
0293152217
0294121126
0294121131
0294131139
0294131198
0294131205
0295002050
0297010260
0309080045
0309080094
0309080136
0333050018
0333050022
0333050055
0333120002
0333120004
0333120011
0333120055
0333130004
0333130007
0333130015
0333130023
0333130036
0334040016
0334040026
0334040033
0334040070
0334040076
0334040080
0334040082
0352003009
0352003018
0357002150
0357070408
0357070414
0357080001
0357080003
0357080010
0357080021
0357080022
0357080023
0357080024
0357080030
0357080041
0357080043
0357080049
0357100062
0357110175
0357110369
0357110372
0357110374
0357110375
0357110376
0357110403
0359010014
0359030006
0359040017
0359040032
0359090011
0359090024
0359100012
0359130003
0360020005
0360050002
0360080001
0360080016
0360140001
0366106680
0366106730
0366106760
0366106910
0366108310
0366117580
0366118010
0366118020
0366118110
0366127650
0366127890
0366127900
0366127920
0366127940
0366130573
0366130574
0366130575
0366130576
0366130577
0366130578
0366130579
0366130580
0366130581
0366130582
0366130583
0366130584
0366130596
0366130597
0366130598
0366130599
0366130600
0366130601
0366130602
0366130603
0366130604
0366130605
0366130606
0366130607
0366140419
0366140420
0366140421
0366140636
0366140637
0366140638
0366144290
0366144410
0366144470
0366146110
0366146260
0366146280
0366150405
0366150406
0366150644
0366150645
0366150646
0366150647
0366150648
0366150649
0366150650
0366150651
0366150652
0366150653
0366153920
0366153960
0366153980
0366153990
0366154140
0366154150
0366156420
0373010248
0373010302
0373011006
0373012061
0373012062
0373012092
0373012099
0373060550
0373080130
0373080280
0374040220
0374090009
0374090019
0375010560
0375020490
0375023410
0375023420
0375023800
0375030110
0375030160
0375030465
0375030466
0375030467
0375030468
0375030469
0375030470
0375030471
0375030472
0375030473
0375030474
0375030475
0375030476
0375030477
0375030478
0375030514
0375030515
0375030516
0375030517
0375030518
0375030519
0375030523
0375034950
0375034970
0375048910
0375048920
0375048930
0375080003
0375081070
0375081100
0375081170
0375081190
0375081230
0375082070
0375082280
0375082400
0375083000
0375083100
0375083110
0375083340
0376020210
0376020520
0376020580
0376020900
0377111004
0377111014
0379011001
0379011007
0379011017
0379011025
0379011158
0379011209
0379011260
0379091066
0379091088
0379091112
0379091113
0379091223
0379091224
0379091296
0380050007
0381060007
0381110005
0381150013
0382050023
0382080003
0382090035
0382100036
0382110016
0382150012
0383020014
0383070018
0384140045
0384150050
0390050015
0390050016
0391040045
0391040071
0391090243
0391090246
0391120115
0392010120
0392010127
0392040130
0392160029
0392160034
0392160088
0392160096
0393001006
0393001010
0394040039
0394040067
0394040083
0394050073
0394050242
0394060078
0394060110
0394130001
0394130005
0398030200
0398044037
0399010080
0399010081
0399010082
0399010083
0399010084
0399010085
0399010086
0399010087
0399010088
0399010089
0399020011
0399020012
0399020013
0399020014
0399020017
0399020018
0399020019
0399020020
0399020021
0399020022
0399020116
0399020117
0399080068
0399080069
0399080070
0399080071
0399080072
0399080073
0399080074
0399080075
0399080076
0399080077
0399080078
0399080079
0399080171
0399160005
0401090014
0401130006
0401141033
0401141056
0401141083
0403010025
0403031008
0403031063
0403050013
0403050087
0403121020
0404160031
0405040025
0406013012
0406014009
0406021063
0406021097
0406082073
0406082085
0406082158
0407063001
0407063005
0407063009
0407090002
0407090003
0407101001
0407101002
0407101003
0407101004
0407101005
0407101006
0407101007
0407101008
0407101009
0407101010
0407142002
0407142019
0407142022
0407142116
0407142218
0408010059
0408030135
0408080039
0408090071
0410010024
0410020004
0410050028
0410050047
0410050048
0410050068
0410050069
0410060099
0410120047
0410130031
0410150003
0411022018
0411022030
0411080013
0412070010
0412070036
0412070056
0412080012
0412080013
0412080028
0412080029
0412080030
0412080031
0412131014
0414051015
0414051044
0414051073
0414051099
0414051102
0414070030
0414090008
0414110002
0414110049
0415110010
0415110051
0415110102
0415120055
0416030032
0416030055
0417020003
0419070049
0419090052
0419090073
0419090087
0419100022
0419100029
0419100046
0419100058
0420010015
0420020012
0420020014
0420020035
0420020059
0420030027
0420030035
0420050027
0420070011
0420070025
0420080024
0420080037
0420090004
0420100012
0420150019
0420150029
0420160024
0420160058
0420160065
0421020018
0421020034
0421030031
0421030037
0421030057
0421050003
0421050042
0421060012
0421060013
0421060061
0421090009
0421110014
0421110026
0421130042
0421130062
0421140011
0421160010
0422020006
0422060007
0422060031
0422100012
0422110004
0422110009
0422110016
0423022028
0423023009
0423024015
0423102026
0423110021
0423120021
0423130005
0423130031
0423151002
0423151005
0423151011
0423153006
0424050004
0424120014
0425030003
0425040013
0426060025
0426100013
0426110002
0426130013
0426140012
0426160021
0427011048
0427011057
0427011077
0427011118
0427011133
0427011155
0427011159
0427011234
0427011240
0427011264
0427011328
0427011346
0427011371
0427011468
0427011491
0427011532
0427011543
0427011559
0427011603
0427011623
0427011630
0427011633
0427011659
0427011665
0427011674
0427011701
0427011821
0427011848
0427011919
0427011937
0427011992
0428011446
0428011542
0428011557
0428011578
0428050022
0428070012
0428091006
0428091038
0428091077
0428091090
0428091179
0428091191
0428091213
0428091236
0428150014
0428161005
0428161021
0428162023
0429021050
0429021395
0429021496
0429060039
0430010069
0430150030
0433010044
0433020008
0433020038
0433080044
0433080062
0433090009
0433090050
0433110004
0433110018
0433110106
0434010034
0434030071
0434060030
0434060037
0434060080
0434060099
0434070079
0434100038
0434100056
0434100115
0434140056
0434160020
0434160025
0435020001
0435020047
0435020064
0435030068
0435040008
0435040033
0435040056
0435050004
0435050011
0435050039
0435060047
0435100020
0435100043
0435110001
0435140038
0435150003
0435150019
0435150024
0435150045
0436020023
0436030013
0436030023
0436030025
0436040020
0436040032
0436050012
0436060027
0436060046
0436070023
0436080057
0436090018
0436100056
0436100065
0436110007
0436110022
0436110031
0436110043
0436120041
0436140086
0436150132
0437010047
0437020020
0437030017
0437030029
0437040015
0437050016
0437051001
0437051036
0437051043
0437080007
0437100009
0437121003
0437123005
0437124046
0437134010
0437140001
0437150018
0437150029
0438030001
0438051024
0438090039
0439030005
0439040003
0439050010
0439050027
0439110005
0439120027
0439130007
0439130020
0439141074
0440020006
0440070025
0440140007
0441021015
0441031015
0441032012
0441034012
0441061026
0441092003
0441101018
0441101103
0442101013
0442111001
0442111033
0442131072
0442131085
0442131109
0443010027
0443031004
0443032011
0443040012
0443040034
0443050029
0443051005
0443051020
0443051066
0443051097
0443051102
0443061061
0443061063
0443090005
0443131004
0443131022
0443131059
0443131063
0443131088
0443131143
0443131169
0443141033
0443141108
0443141110
0443141111
0443141159
0443141188
0443141224
0443141252
0443141255
0444022014
0444090032
0444140045
0445020013
0445030004
0445060024
0445070033
0445080015
0445100041
0445100049
0445100050
0445110036
0445110056
0445130038
0445140033
0445150017
0445150046
0445160013
0445160023
0445160036
0446010048
0446020047
0446020061
0446030025
0446030033
0446040010
0446040036
0446060008
0446070013
0446070067
0446080056
0446090025
0446110025
0446140004
0447030016
0447031005
0447031405
0447050026
0447080018
0447090063
0447100016
0447100026
0447100033
0447130006
0447150019
0447160018
0448010064
0448020001
0448090010
0448121002
0448121040
0448121051
0448122058
0448122065
0448122069
0448122080
0448122083
0448122103
0448122115
0448122138
0448122163
0448122175
0448122178
0448122209
0448124013
0448124101
0448124185
0449010042
0449010061
0449010095
0449010143
0449020036
0449020044
0449030023
0449030093
0449040014
0449060023
0449060107
0449060135
0449080017
0449080106
0449080114
0449090098
0449100045
0449100142
0449110083
0449150002
0449160091
0450050012
0450070014
0450070041
0450080025
0450090017
0450100033
0450100034
0450110001
0450110008
0450110011
0450110070
0450120028
0450130049
0451020129
0451030033
0451030061
0451060006
0451060012
0451100033
0451100035
0451110045
0451110052
0451120051
0451120092
0451130003
0451130036
0451130055
0451140017
0451140053
0451150032
0451150042
0451160021
0452010010
0452020013
0452020035
0452030159
0452040020
0452050072
0452070001
0452070004
0452070008
0452070031
0452070037
0452070045
0452070053
0452070055
0452090029
0452090037
0452100027
0452100038
0452100044
0452120060
0452140041
0452140053
0452160006
0452160035
0452160052
0452160066
0452160073
0456010121
0456020019
0456020074
0456040007
0456060003
0456060030
0456070020
0456080038
0456160047
0457020002
0457020059
0457030008
0457030022
0457080035
0457080132
0457090106
0457100044
0458040027
0458040038
0458050001
0458050065
0458050081
0458060014
0458090038
0458100088
0458100112
0458110063
0458120055
0458120061
0458140048
0458140075
0458150012
0458160032
0459010072
0459020050
0459060027
0459060033
0459060146
0459090005
0459090036
0459100062
0459110080
0459110101
0459110148
0459140031
0459150045
0459160047
0459160126
0460010013
0460021227
0460021249
0460080010
0460110009
0460140027
0460160011
0461010023
0461030004
0461050001
0461050007
0461050043
0461060026
0461060032
0461091013
0461091054
0461093011
0461100021
0461110004
0461110052
0461120097
0461130099
0461130139
0461141030
0462010310
0462010330
0462010950
0462011520
0462012189
0462019160
0462021022
0462021061
0463032109
0463032113
0463032114
0463080016
0463112120
0463151015
0463151017
0463151024
0463151053
0463151057
0463151058
0463151063
0463151064
0464010010
0464010020
0464010030
0464010040
0465013013
0465017890
0465064015
0465120016
0465120020
0465120035
0465160048
0466010019
0466050005
0466050037
0466050043
0466062204
0466062206
0466062207
0466062208
0466062209
0466082377
0466150665
0466150673
0466161002
0466162051
0466162053
0466162056
0466162057
0466162068
0466162083
0467020589
0467020612
0467020623
0467020625
0467020644
0467020646
0468022215
0468022227
0468022234
0468072256
0468072264
0468072325
0468072326
0468072358
0470010029
0470020036
0470050010
0470050099
0470090050
0470110018
0470120035
0470130066
0470130070
0470130123
0470150024
0470150028
0471010089
0471020026
0471020051
0471020091
0471030030
0471030075
0471050016
0471070029
0471090053
0471120013
0471120015
0471160065
0472010015
0472010020
0472030001
0472030069
0472060036
0472060091
0472080039
0472090029
0472090075
0472100069
0472110042
0472110052
0472160006
0473011090
0473011122
0473011214
0473011297
0473011363
0473011394
0473020066
0473060037
0473070021
0473070124
0473100118
0473160021
0474150005
0475010005
0475020013
0475030006
0475030010
0475090001
0475090009
0475090015
0475090043
0475110004
0475160006
0475160024
0476010010
0476020022
0476020028
0477120037
0478080013
0478111029
0478111116
0478111209
0478111243
0479080031
0479100022
0479100040
0479100042
0479100043
0479100044
0479100057
0479100058
0480110013
0480110054
0483040589
0483040603
0483040609
0483040611
0483060021
0483100621
0483100755
0483150788
0483150802
0483150812
0484030003
0484080045
0484080099
0484140005
0485030044
0485030049
0485030050
0485050058
0485060030
0485060049
0485101003
0485101011
0485101060
0485101075
0485101086
0485101154
0485110009
0485110031
0485120011
0485130024
0485130033
0485141001
0485142037
0485143011
0485143029
0486012006
0486024102
0486024131
0486032001
0486040034
0486050031
0486050033
0486070020
0486072023
0486072089
0486072127
0486072174
0486072192
0486072232
0486072327
0486072332
0486120042
0486130037
0486130039
0487020021
0487070019
0487070034
0487080022
0487080029
0487080043
0487090011
0487090036
0487100001
0487100005
0487110001
0487150006
0488010015
0488020001
0488030005
0488030007
0488040005
0488080001
0488090008
0488160003
0490020006
0490070004
0490130004
0491030002
0491150005
0491150007
0492120018
0493070015
0493070037
0493100033
0493160002
0494010017
0494020028
0494030018
0494030028
0494060008
0494060074
0494060085
0494060106
0494080014
0494080016
0494080054
0494080061
0494080073
0494080074
0494094219
0494094295
0494100023
0494100033
0494100036
0494110023
0494110024
0494120001
0494130032
0494140043
0494150022
0494163262
0495013362
0495030023
0495050038
0495050046
0495050092
0495060027
0495070008
0495082045
0495082087
0495082198
0495091120
0495092193
0495110014
0495110061
0495110085
0496070015
0496090008
0496100008
0497030050
0497030059
0497050010
0497060008
0497080021
0497090006
0497090060
0497110021
0497120020
0498010012
0498160042
0500020012
0500070009
0500160007
0501110003
0502010001
0503010040
0503010072
0503020013
0503020021
0503030016
0503070030
0503100017
0503100033
0503100059
0503150040
0503160026
0504010013
0504021013
0504080019
0504090051
0528010060
0529002030
0532010270
0532010550
0534010320
0539010100
0539010230
0546004008
0549010640
0550003110
0550004020
0551010210
0555001080
0555001140
0556003013
0556004000
0558010340
0559010001
0559110001
0560080008
0560090007
0560160007
0569010007
0573001041
0574020461
0591020900
0591020910
0592010502
0592021260
0593021991
0594021861
0610010270
0610022620
0615030220
0722010200
0733140011
0734040006
0753013074
0755021035
0755021037
0755021307
0755021330
0755021496
0755021498
0755031077
0755031146
0755031453
0755031490
0756011696
0756021610
0756021638
0756032051
0756032068
0756041706
0756041715
0756053009
0756053068
0757030054
0757060094
0757070232
0757080023
0757130275
0758010428
0758010503
0758040341
0758040352
0758080466
0758120053
0758120057
0758130038
0758140009
0758160018
0759040004
0759040026
0759040046
0759040060
0759040066
0759060012
0759060025
0760050013
0760070003
0760070021
0760070074
0760070081
0760070098
0760070113
0760101476
0760101526
0760101527
0760101530
0760101558
0760130014
0768140026
0768140027
0768150041
0768150080
0768160017
0768160035
0768160048
0768160052
0769030059
0769050054
0769060017
0769110013
0769110021
0769110055
0769120032
0769140009
0769140011
0769160002
0770030002
0770060059
0770060070
0770070034
0770080015
0770100021
0770100023
0770110009
0770110018
0770110022
0770110023
0770110045
0770130007
0770130010
0770130020
0770130041
0770130049
0770140023
0770140024
0770140072
0770150017
0770150023
0770160054
0772080022
0772080056
0772090017
0772090024
0772090041
0772140043
0775030241
0775030242
0775030252
0775030255
0775030278
0775030370
0775030393
0775030394
0775030396
0775030400
0775030401
0775030409
0775030414
0775030424
0775030428
0775030430
0775030431
0775030432
0775030436
0775030439
0775030649
0775030650
0775030674
0775030710
0776110053
0776110058
0776110060
0776110117
0776110135
0777010003
0777010014
0777010106
0777010130
0777010180
0777010220
0777021015
0777021177
0777021179
0777021240
0777021281
0777021399
0777023210
0777023280
0777023320
0777029250
0777029620
0778020200
0778020710
0778020820
0778020930
0778021306
0778021346
0778021840
0778031026
0778031077
0778031081
0778031169
0778031173
0778031179
0778031223
0778031225
0778031234
0778031241
0778031243
0778111670
0778111890
0778111900
0778111910
0778111920
0778111930
0778111940
0778111950
0778111960
0778112250
0779023930
0779028510
0780020020
0780020360
0780020490
0780020510
0780020590
0780020690
0780022400
0780022540
0780024670
0780025190
0780025330
0780027510
0780027580
0780027620
0780027730
0780028960
0781010320
0781010600
0781010800
0781011210
0781011230
0781011720
0781020140
0781030278
0781040460
0781050305
0781050348
0781060011
0782034510
0782035240
0782035440
0782035580
0782035600
0782110392
0782110394
0782120060
0782120460
0782131260
0782150021
0785020017
0785020027
0785020094
0785020119
0785020122
0785090007
0785090024
0785090026
0785160060
0785160061
0785160062
0785160066
0785160067
0785160076
0787150049
0787150061
0789011028
0789011084
0789012018
0789012024
0789012082
0789013020
0789013066
0789014083
0789014104
0789030001
0789031010
0789041094
0789041186
0789041192
0789041262
0789041288
0789155621
0790013009
0790013034
0790013050
0790013093
0790013096
0790013196
0790013245
0790013306
0790013329
0790013333
0790013441
0790013464
0790013541
0790013548
0790013579
0790013597
0790013616
0790013653
0790013681
0790013718
0790013721
0790013738
0791030008
0791061004
0791061079
0791061095
0791061118
0791061252
0791061345
0791061360
0791061410
0791061559
0791061562
0791061614
0791061618
0791061666
0791061740
0791061783
0791061834
0791061843
0791061875
0791061948
0791061953
0791061961
0791061967
0791061970
0792010042
0792090063
0792100019
0796010600
0796040060
0801010080
0801010087
0801010091
0801010092
0801070001
0801070002
0801070003
0801070004
0801070005
0801070006
0801070007
0801070008
0801070009
0801070010
0801070011
0801070012
0801070013
0801070014
0801070015
0801070016
0801070017
0801070018
0801070019
0801070020
0801070021
0801070022
0801070023
0801070024
0801070025
0801070026
0801070027
0801070028
0801070029
0801070030
0801070031
0801070032
0801070033
0801070034
0801070035
0801070036
0801070037
0801070038
0801070039
0801070040
0801070041
0801070042
0801070043
0801070044
0801070045
0801070046
0801070047
0801070048
0801070049
0801070050
0801070051
0801070052
0801070053
0801070054
0801070055
0801070056
0801070057
0801070058
0801070059
0801070060
0801070061
0801070062
0801070063
0801070064
0801070065
0801070066
0801070067
0801070068
0801070069
0801070070
0801070071
0801070072
0801070073
0801070074
0801070075
0801070076
0801070077
0801070078
0801070079
0801070080
0801070081
0801070082
0801070083
0801070084
0801070085
0801070086
0801070087
0801070088
0801070089
0801070090
0801070091
0801070092
0801070093
0801070094
0801070095
0801070096
0801120074
0803010275
0803010287
0803020055
0803040188
0803040215
0803041370
0803041700
0803050026
0803060208
0803080122
0803080202
0803080203
0803090178
0803110365
0803110393
0803120076
0803120305
0803120308
0803120324
0803120336
0804020101
0804020105
0804020128
0804020133
0804020136
0804020285
0804020286
0804020307
0804020311
0804020318
0804020323
0804020328
0804020329
0804020347
0804020351
0804020358
0804020359
0804030214
0804030215
0804030217
0804030229
0804030251
0804030266
0804030268
0804030274
0804040003
0804040007
0804040022
0804040035
0804040036
0804040040
0804040042
0804040046
0804040051
0804040055
0804040060
0814010150
0840001010
0849090006
0850080009
0850160022
0850161001
0851020035
0851031038
0851031080
0851031125
0851031244
0851031261
0851031333
0851031336
0851090034
0851090045
0851101009
0851101069
0851110018
0851111011
0851111020
0851120019
0851120028
0851160013
0851160035
0851160041
0852040008
0852050003
0852050005
0852050019
0852050033
0852050045
0852100008
0852100010
0852110007
0852120042
0853020014
0853020021
0853020027
0853020044
0853020055
0853040003
0853041021
0853051106
0853051108
0853060005
0853080011
0853121301
0853131510
0853131604
0853131811
0854031114
0854040008
0854040025
0854040095
0854050003
0854060008
0854060013
0854061012
0854062038
0854090047
0854120031
0854120079
0854130048
0854150014
0856050034
0856050050
0856050052
0856050054
0856050058
0856060030
0856060042
0856060045
0856060069
0856120016
0856130002
0856130036
0856130037
0938013213
0938013420
0939012204
0939012325
0941041611
0941042104
0942042719
0942080009
0943011405
0944071313
0944150015
0944150602
0944150618
0944150718
0944151237
0944151304
0944151327
0945010537
0946060614
0946141601
0946146810
0946146847
0946146913
0946147023
0946147207
0946147403
0946147512
0946147613
0946148014
0947010203
0948010129
0948010320
0949136503
0949136604
0949136620
0949136621
0949136717
0949136909
0949137627
0949137712
0949137721
0949138118
0949138412
0949139019
0949139117
0949139204
0949139820
0949140008
0949140021
0950130703
0950132214
0950133132
0950133504
0950133916
0950134003
0950134015
0950134102
0950135306
0950135319
0950135404
0950135508
0950135510
0950135531
0950135607
0950135826
0950135920
0950136213
0951140605
0951140703
0951140802
0951141220
0951145203
0951145319
0951146001
0951146227
0951148133
0951148134
0951148203
0952121009
0952121501
0952121502
0952121802
0952123109
0952123202
0952123509
0952123627
0952123812
0952123813
0952123814
0952124002
0952124102
0952124121
0952124605
0952124606
0952125006
0952125201
0952125215
0952125318
0952127505
0952127610
0953148612
0953148615
0953148708
0953149524
0953149525
0953149623
0953149813
0953149905
0953150119
0953151321
0953151402
0953151628
0953152113
0954053324
0954125910
0954126002
0954126604
0954126611
0954141733
0954141907
0954141908
0954142610
0954142614
0954142622
0954142913
0954143007
0954143008
0954143207
0954143220
0955070624
0955070625
0955070719
0955071018
0955071147
0955071206
0955153108
0955153109
0955153904
0955154214
0955154705
0955154706
0955154923
0955154926
0956068805
0956068828
0956068919
0956069110
0956069514
0956069531
0956069533
0956069618
0956143707
0956143711
0956143737
0956143903
0956143939
0956144225
0956144439
0956144504
0956144911
0956145006
0957070207
0957070410
0957070929
0957071143
0957117114
0957117302
0957118805
0957118901
0957118907
0958066672
0958066819
0958067510
0958067610
0958067816
0958068126
0958068137
0958068138
0958112802
0958113211
0958113623
0958114110
0958114205
0958114206
0959115449
0959115463
0959115910
0959116012
0959116013
0959116127
0959116128
0959116712
0959116719
0959116818
0959119108
0959119205
0959119304
0959119318
0959119516
0959119603
0959119604
0960110727
0960110735
0960111201
0960111227
0960111413
0960111940
0960111957
0960111963
0960112010
0960112011
0960112714
0960114708
0960114804
0960114916
0960115001
0961080208
0961080301
0961088511
0961088613
0961088614
0961088630
0961088717
0961089009
0961089121
0961089320
0961089524
0961089626
0961089715
0961090301
0961090543
0961112305
0961112313
0961112438
0961112607
0961140610
0962090421
0962090514
0962090517
0962090542
0962090723
0962091463
0962091901
0962092219
0962092305
0962092410
0962092424
0963079422
0963079706
0963080421
0963080701
0963081012
0963081115
0963082301
0963082320
0963082823
0963082934
0963083026
0963083317
0964079274
0964083204
0964083403
0964083614
0964083735
0964083829
0964083836
0964083932
0964083934
0964084005
0964084101
0964084102
0964084408
0964084416
0964084522
0964084523
0964084813
0964085026
0964085117
0964085119
0964085214
0964085215
0964085316
0964085317
0964085332
0964085429
0965050211
0965052102
0965052707
0965052711
0965052807
0965052809
0965052920
0965053024
0965053213
0965053707
0965053920
0965054407
0965054725
0965054726
0965054819
0965092630
0965092704
0965093009
0966050305
0966050320
0966050321
0966050422
0966050423
0966050601
0966050704
0966050908
0966051333
0966051619
0966051912
0966053950
0966054812
0966056016
0966056116
0966056552
0967054120
0967054219
0967054521
0967055002
0967055228
0967058818
0967059032
0967059304
0967059307
0967059613
0967059816
0967060115
0967060117
0967060426
0967060430
0967060604
0967060730
0967060927
0967093911
0968055021
0968055205
0968055522
0968056571
0968056805
0968057423
0968057424
0968057716
0968057919
0968058404
0968058510
0969062420
0969062604
0969062609
0969062710
0969062812
0969062813
0969063073
0969064401
0969065410
0969065640
0969066103
0969066114
0969066309
0969066559
0969122217
0969122810
0969128024
0970061428
0970061509
0970061521
0970061623
0970063337
0970063401
0970063420
0970063701
0970063740
0970063922
0970063923
0970064010
0970064107
0970064424
0970064531
0970064532
0970064554
0970172217
0970172327
0970173305
0970173508
0970173618
0970173622
0971065028
0971127710
0971127805
0971127817
0971128018
0971128130
0971128204
0971128207
0971128602
0971129207
0971130631
0971130724
0971131424
0971131515
0971131704
0971131713
0971132823
0971135027
0972064722
0972064910
0972128803
0972129212
0972129213
0972130018
0972130116
0972130214
0972169215
0972171807
0972172105
0972172109
0972172505
0972172526
0972172618
0973169116
0973169127
0973169128
0973169531
0973169621
0973169713
0973169826
0973169914
0973169925
0973170328
0973170603
0973172710
0973262507
0974179815
0974179928
0974180221
0974180301
0974180331
0974180416
0974180417
0974180716
0974181007
0974181914
0974182201
0974182407
0974182631
0974182705
0974182706
0974182721
0974183035
0974260932
0974260942
0974262302
0974262306
0974262321
0974262327
0974262569
0975262435
0975262438
0976130270
0976130440
0976141200
0976141700
0976262554
0976262705
0976262801
0976264508
0976264636
0977050746
0977090005
0978091060
0978091210
0978110222
0979035510
0979035603
0979035827
0979035828
0979039404
0979039408
0979039526
0979039618
0979039619
0979040121
0979040322
0979040346
0979040410
0979040416
0979040431
0979041435
0980036903
0980036941
0980037023
0980037033
0980037114
0980037303
0980038215
0980038328
0980038504
0980038518
0980038702
0980038919
0980039111
0980039120
0980039129
0980041541
0980041814
0980042405
0981040441
0981040546
0981040608
0981040744
0981041209
0981041310
0981041311
0981045521
0981045725
0981045736
0981045737
0981045807
0981045816
0981046105
0981046307
0982041415
0982041416
0982041520
0982041643
0982041902
0982042217
0982042613
0982043037
0982043120
0982043532
0982043903
0982043906
0982043912
0982044430
0982045002
0982047209
0982047244
0982047310
0982047517
0982047518
0982047519
0983046433
0983046616
0983046709
0983046726
0983048810
0983048831
0983049104
0983049105
0984015411
0984015412
0984015414
0984015415
0984047712
0984047722
0984047737
0984048202
0984048310
0984048332
0984048414
0984048420
0984048538
0984048602
0984050200
0984050250
0985014710
0985014730
0985014804
0985014903
0985015621
0985015622
0985023208
0985023209
0985023220
0985023522
0985023705
0985023825
0985023827
0985024308
0985024601
0985024602
0985024608
0985024614
0985141103
0986013606
0986013627
0986013632
0986021703
0986022011
0986022424
0986022508
0986022736
0986022811
0986024004
0986024016
0986024711
0986026007
0987013926
0987014024
0987014025
0987014028
0987014115
0987015018
0987015110
0987015207
0987015307
0987030409
0987030410
0987030416
0987033514
0987033703
0987034114
0987034225
0987034326
0987034435
0987042411
0987042412
0987042413
0987042808
0987042911
0987042915
0988011724
0988012103
0988012830
0988013126
0988013335
0988013343
0988013511
0988013620
0988013624
0988013822
0988032620
0988033206
0989028310
0989028804
0989029132
0989029235
0989029432
0989030304
0989030423
0989030424
0989030907
0989030919
0989030920
0989031026
0989031301
0989038116
0990027216
0990027605
0990027718
0990027830
0990028031
0990031701
0990031813
0990031830
0990031837
0990032011
0990032303
0990032433
0991010010
0991185201
0991185203
0991185214
0991185518
0991185610
0991185815
0991269137
0991269508
0991269514
0991269525
0991269629
0992026215
0992026420
0992100207
0992119813
0992119908
0992170298
0992186006
0992186428
0992275932
0993100343
0993110434
0993110438
0993110470
0993140116
0993140137
0993263602
0993264126
0994040950
0994050500
0994050920
0994060326
0994060360
0994060379
0994070025
0995179718
0995179721
0995181217
0995181420
0995181428
0995181704
0995181803
0995191503
0995191524
0995192025
0995192333
0995192809
0995192914
0995193309
0995193318
0995193421
0995193440
0995193826
0995193907
0995193908
0995193912
0995193913
0995194008
0995201036
0995201037
0995261011
0995261505
0995261603
0995262002
0996003001
0996093108
0996093119
0996093601
0996093604
0996094002
0996094146
0996094151
0996151030
0996183226
0996183403
0996191012
0996191027
0996191118
0996191127
0996191135
0996192005
0996192104
0996192117
0996192328
0996194514
0996261407
0996263102
0996263108
0996263112
0996263203
0996263211
0996263305
0997000308
0997000312
0997000810
0997000914
0997001012
0997001504
0997001506
0997001513
0997005017
0997093315
0997093325
0997093820
0998001703
0998002108
0998002211
0998002331
0998049508
0998049715
0998197909
0998198019
0998248119
0998248409
0998251104
0998251203
0998251611
0999034519
0999035018
0999035019
0999035109
0999070080
0999204035
0999241085
0999241086
0999248908
1000011006
1000030086
1000030110
1000030121
1000030128
1000030165
1000030169
1000030185
1000030191
1000030203
1000030215
1000030262
1000030324
1000040157
1000040185
1000040213
1000040300
1000040419
1000040468
1000040503
1000040521
1000040522
1000249715
1000249717
1000249903
1000250018
1000250203
1000250306
1001127110
1001127212
1001127215
1001170036
1001170055
1001180413
1001183804
1001183909
1001276214
1001276637
1002005710
1002006315
1002080076
1002080103
1002080258
1002184603
1002276625
1003005240
1003006905
1003007631
1003007707
1003007821
1003007824
1003008028
1003016417
1003016803
1003016839
1003017002
1003017029
1003017207
1003017212
1003017419
1003017615
1003019223
1003019612
1003032316
1003032318
1004017608
1004017719
1004017825
1004017902
1004017915
1004018017
1004018105
1004018303
1004018308
1004018309
1004018703
1004018821
1004019525
1004020211
1004020312
1004021505
1004021508
1004021603
1005008819
1005009307
1005009416
1005009511
1005009716
1005010107
1005010120
1005010317
1005010429
1005010732
1005010918
1005011005
1005011205
1005011325
1005012017
1005019021
1005019027
1005019204
1005020410
1006008105
1006008418
1006008514
1006008520
1006008524
1006008612
1006008825
1006009008
1006009025
1006009332
1006020603
1006021101
1006021206
1006253509
1006253724
1006253802
1006253808
1006254018
1006254019
1007025502
1007025531
1007025613
1007025615
1007025620
1007025622
1007025924
1007251902
1007252101
1007252114
1007252323
1007252324
1007252611
1008140240
1008252520
1008252522
1008253007
1008253034
1008253120
1008253301
1008253322
1008253403
1008253406
1008253412
1008253413
1008253415
1008254108
1008254816
1008255115
1008255206
1008255317
1008255402
1008255407
1008255805
1008255833
1112010480
1112010770
1113010210
1113020037
1113020066
1113110211
1114011001
1114040390
1114050024
1114050048
1114050077
1114070053
1114080018
1114080023
1114080024
1114080196
1114080198
1115030020
1115030590
1115060070
1115070015
1115070032
1116010116
1116010307
1116010428
1116011533
1116011706
1116011713
1116011801
1116021110
1116021124
1116040980
1116070023
1116070050
1116070090
1116070095
1116070113
1116070166
1116070178
1116070232
1116080540
1117237846
1117237847
1117238211
1117239326
1117239509
1117239707
1117240507
1118164915
1118165206
1118165618
1118165623
1118165707
1118165708
1118165711
1118165730
1118166004
1118166317
1118166419
1118168122
1118168508
1118169001
1119240522
1119240616
1119240905
1119241207
1119241212
1119241305
1119241402
1119241418
1119241508
1119242121
1119242210
1119242514
1119242702
1119242712
1119243007
1119243104
1119243121
1119243305
1119243317
1119243324
1119243504
1120155206
1120155310
1120155422
1120155926
1120156024
1120156036
1120156317
1120156414
1120156519
1120157113
1120157115
1120157118
1120159902
1120160216
1120160703
1120160705
1120160816
1120160817
1120161319
1120161609
1120161906
1120162214
1120162222
1120165648
1121243821
1121244111
1121244323
1121244521
1121244710
1121244802
1121244926
1121245221
1121245222
1121245308
1121245312
1121245313
1121245725
1121245904
1121246203
1121246305
1122087211
1122087229
1122087230
1122087243
1122087246
1122087310
1122087401
1122087506
1122087544
1122088220
1122088224
1122088315
1122159639
1122159644
1122159727
1122160004
1122160326
1123231417
1123232403
1123232404
1123245831
1123246505
1123246620
1123246908
1123247108
1123247202
1123247205
1123247211
1123247301
1123247315
1124105501
1124105906
1124105947
1124106127
1124106131
1124106133
1124106419
1124106527
1124106806
1124107128
1124206848
1124206875
1124207012
1124207305
1124207701
1124207711
1124245886
1124245896
1125228805
1125228828
1125229208
1125229604
1125229611
1125230706
1125230919
1125232801
1125232906
1126230033
1126233211
1126233408
1127227517
1128221219
1128224229
1128224230
1128227102
1128227128
1128227210
1129220017
1129220519
1129221010
1129221011
1129221305
1129222302
1129223509
1129224535
1130218111
1130220020
1130220021
1130220102
1130220105
1130220607
1130220608
1130221813
1131208446
1131209832
1131209842
1131209852
1131209909
1131210205
1131210206
1131210220
1131210309
1131223013
1131223108
1132210506
1132211758
1132212913
1132216550
1133100611
1133100612
1133103008
1133103214
1133103334
1133103335
1133103336
1133104310
1133104710
1133104919
1133105021
1133105022
1133105508
1133105524
1133105718
1133105810
1133107314
1133107315
1133206801
1133206814
1133206829
1133207211
1133207909
1133207915
1133208314
1133209236
1134103610
1134104416
1134104523
1134107309
1134109725
1134109726
1134110406
1134201424
1134209716
1135078134
1135078139
1135078735
1135078829
1135078835
1135078904
1135078925
1135078928
1135078930
1135079138
1135086022
1135086401
1135086417
1135086530
1135086814
1135099920
1135100505
1135100509
1135100708
1135101111
1135101715
1135101916
1135158604
1136077132
1136077134
1136077331
1136077337
1136077409
1136077914
1136077915
1136077940
1136077943
1136079114
1136098343
1136099318
1136099509
1136099510
1136099525
1136099813
1136099825
1136099830
1136099831
1136100313
1136101401
1137157301
1137157303
1137157313
1137157419
1137157510
1137157520
1137157704
1137157903
1137157913
1137157921
1137158208
1137158910
1137159009
1137159116
1137159117
1137159201
1137159202
1137159206
1137159207
1137159237
1137159411
1137161956
1137161962
1137161975
1137163001
1137163201
1137163202
1137163211
1137163225
1137163304
1137164007
1137164410
1137174201
1137174202
1137174207
1137174403
1138076304
1138076410
1138076412
1138076503
1138076508
1138076509
1138076603
1138076716
1138076803
1138076821
1138158115
1138158121
1138158538
1138158627
1138174905
1138175315
1138175407
1138175408
1138176104
1138176117
1138176118
1138176119
1139100203
1139131403
1139131404
1139142702
1139163508
1139163601
1139163806
1139163926
1139163927
1139163931
1139163942
1139163943
1139164801
1139164908
1139167245
1139167503
1139168004
1140101015
1140160411
1140160807
1140161820
1140163415
1140176518
1140176914
1140177837
1140177931
1140178018
1140178110
1140178118
1140178214
1140178307
1140178413
1140178522
1140178818
1140179123
1140179314
1141100130
1141100290
1141121521
1141121615
1141121621
1141121632
1141121808
1141121814
1141131102
1141171638
1141177505
1141256718
1141256825
1141257014
1141257108
1141257209
1141257225
1141257227
1141258333
1141260304
1141260403
1141260521
1142257520
1142258016
1142258219
1142258630
1142258802
1142259624
1142259628
1142259631
1142259701
1142259818
1142260009
1142260218
1142260225
1142260427
1143072497
1143073834
1143074401
1143074505
1143074506
1143074924
1143075211
1143075218
1143075227
1143075308
1143075309
1143075317
1143075326
1143075508
1143075606
1143075712
1143077838
1143097216
1143177128
1143177202
1143177212
1144072103
1144072139
1144072202
1144072217
1144072231
1144072233
1144072324
1144072417
1144072516
1144072922
1144073132
1144073133
1144073138
1144073149
1144073505
1144073519
1144073731
1144074230
1144085516
1144085610
1144085711
1144085713
1144085813
1144085816
1144095501
1144095668
1144096821
1144096822
1145096203
1145096710
1145096943
1145097340
1145097533
1145097608
1145097715
1145097811
1145098201
1145098427
1145098705
1145108925
1145109211
1145109238
1145109317
1145109626
1146094805
1146094818
1146094819
1146095023
1146095113
1146095217
1146095911
1146095932
1146096228
1146096607
1146096957
1146107704
1146107722
1146107927
1146108116
1146108214
1146108725
1146199805
1147108217
1147109825
1147109833
1147109906
1147110002
1147110023
1147110108
1147110109
1147110427
1147200201
1147200511
1147201212
1147201321
1147201614
1147202306
1147202517
1147202613
1147203511
1147203627
1148199014
1148199315
1148199316
1148199319
1148199416
1148199420
1148199601
1148204139
1148204515
1148204836
1148204837
1148205402
1149213811
1149214855
1149215003
1149216108
1149216522
1150206201
1150214806
1150215303
1150215811
1150215819
1150215822
1150233805
1150234009
1150234107
1150234714
1150235110
1150235111
1150235112
1150247708
1150247810
1150247811
1151217001
1151217616
1151217813
1151226623
1151234725
1151234727
1151235202
1151237617
1152235304
1152235309
1152237201
1152237306
2001012035
2001050049
2001073002
2001101055
2001110058
2001120017
2001120022
2001130069
2001140050
2001161002
2002010022
2003090004
2004030022
2004030047
2004040012
2004060004
2004060059
2004060068
2004080016
2004080019
2004090012
2005010029
2005010039
2005010072
2005020019
2005020020
2005020027
2005020036
2005030035
2005070013
2005070061
2005080032
2005080064
2005150033
2005150055
2005160011
2006010051
2006010064
2006080033
2006080067
2006090025
2006090042
2006100007
2006160016
2007020005
2007081045
2007082001
2007082109
2007082128
2007091040
2007091055
2009095048
2009095118
2009096026
2009096043
2009096102
2009096134
2009096135
2009096139
2009097011
2009098027
2009098043
2009162004
2009162020
2009162026
2009162064
2009162075
2010012004
2010013102
2010013107
2010014005
2010015018
2010015032
2010015073
2010016140
2010021016
2010022008
2010022037
2010022059
2010080025
2010082033
2010082038
2010084004
2010085006
2010091024
2010095013
2010096002
2010096004
2010098004
2010161008
2011120006
2011120016
2011130006
2012030017
2012050004
2012050022
2012060006
2012060021
2012120007
2012120015
2012120023
2012130018
2012130022
2012140003
2012140016
2014021016
2014021017
2014022042
2014022077
2014052002
2014053011
2014110033
2015090005
2015090025
2015090036
2016030004
2016040029
2016051034
2016053019
2016060019
2016060049
2016100007
2016112018
2016113023
2016113024
2016141012
2016143034
2016143037
2016143077
2016143103
2016143106
2016151011
2017031036
2017031055
2017032047
2017032060
2017032076
2017032081
2017101066
2017102036
2017104035
2017104053
2017104095
2017151042
2017151050
2017152004
2017152039
2017155025
2018040003
2018040011
2018040012
2018040015
2018040019
2018040029
2018040043
2019100012
2019110027
2019120011
2019140054
2019150010
2019160004
2019160012
2020020020
2020020028
2020050053
2020050056
2020090018
2020100073
2020100141
2020110073
2020130030
2020140075
2020150105
2021022006
2021023046
2021024019
2021024027
2021025001
2021025017
2021025020
2021025037
2021030058
2021030065
2021030066
2021030079
2021030092
2021030174
2021030181
2021061055
2021061099
2021120018
2021130024
2021130028
2021140028
2022011063
2022011078
2022011133
2022011157
2022012023
2022030070
2022060001
2022060080
2022070017
2022110031
2022121085
2022121096
2022121180
2022121185
2022121194
2022121217
2022121294
2022140006
2022151007
2022151024
2022151026
2022151041
2022151051
2022151071
2022151097
2022151118
2022151124
2022151141
2022151142
2023010094
2023010096
2023010109
2023050008
2023050087
2023080097
2023150009
2023150012
2023150050
2024020042
2024070039
2024070046
2024070057
2024070075
2024070095
2024090073
2024110051
2024120091
2024120093
2024130061
2024140034
2025030058
2025040022
2025040023
2025050044
2025050088
2025080078
2025120060
2025120076
2025130035
2025130044
2025130045
2025131079
2025131082
2025131118
2025131131
2025131184
2026010044
2026020103
2026031024
2026051102
2026051146
2026051166
2026051168
2026051171
2026051212
2026053097
2026053199
2026060004
2026070090
2026080026
2026080039
2026080051
2026090080
2026100049
2026100097
2026110039
2026110040
2026111015
2026124008
2026124021
2026124030
2026125010
2026125041
2026130007
2026134005
2026140011
2026140012
2026142017
2026142022
2026160031
2026160036
2027010091
2027013003
2027013004
2027021010
2027022012
2027034002
2027034088
2027034110
2027034117
2027034132
2027040046
2027040047
2027040048
2027040062
2027040063
2027040064
2027040065
2027040066
2027042009
2027042014
2027042035
2027051010
2027052041
2027052050
2027052054
2027052066
2027052081
2027052105
2027052121
2027053019
2027053024
2027053056
2027055039
2027055054
2027055114
2027061014
2027061015
2027071066
2027090047
2027090056
2027090105
2027100014
2027100057
2027114002
2027141055
2027142010
2027145019
2027146002
2027148014
2027148017
2027151005
2027160070
2028011008
2028011060
2028011095
2028021011
2028021016
2028021040
2028021047
2028021054
2028021055
2028021058
2028021065
2028021072
2028021073
2028021079
2028031027
2028031045
2028031063
2028031069
2028040020
2028040040
2028040116
2028050012
2028060060
2028071004
2028072011
2028072063
2028073006
2028073007
2028073008
2028081003
2028081108
2028081149
2028081239
2028101003
2028102003
2028103007
2028103052
2028150016
2028160043
2029031006
2029040154
2029070028
2029070052
2029070062
2029110063
2029110087
2029110088
2029110089
2029110090
2029140036
2029140094
2029140095
2029140110
2029140111
2029140119
2029150003
2029160064
2029160077
2030060006
2030060018
2030060058
2030070043
2030090025
2030090026
2030100043
2030100069
2030140012
2030160031
2031021042
2031021053
2031021054
2031021256
2031021291
2031021308
2031021312
2031021368
2031021390
2031021401
2031021546
2031021549
2031021620
2031120028
2031130018
2032041014
2032041026
2032104008
2033020005
2033020021
2033021010
2033021060
2033021064
2033030004
2033030008
2033030038
2033030039
2033050012
2033050046
2033050054
2033060003
2033060049
2033060051
2033070019
2033090016
2033100018
2033110011
2033110028
2033120046
2033120088
2033140041
2034010004
2034020007
2034020090
2034030046
2034030047
2034030052
2034030065
2034030083
2034041001
2034041023
2034042005
2034050002
2034050038
2034070015
2034070016
2034070059
2034070068
2034080067
2034140046
2034150032
2035020080
2035020090
2035020104
2035020107
2035030046
2035033007
2035050042
2035070005
2035070025
2035070036
2035080077
2035090054
2035100068
2036021003
2036031050
2036031057
2036032051
2036033018
2036062001
2036071002
2036072005
2036082017
2036082820
2036100052
2036110008
2036150002
2036160029
2037010030
2037010033
2037010085
2037070015
2037070041
2037080027
2037110009
2037110024
2037120011
2038030001
2038080091
2038150042
2038150073
2038160017
2038160039
2039030016
2039070023
2039071008
2039071033
2039080046
2039090024
2039090036
2039090077
2039100075
2039100089
2039140004
2039140011
2039140031
2039150029
2039161029
2039161034
2039161039
