017310000
017508005
017510000
017515000
017603001
017603101
017608002
017608401
017802000
038414007
038415006
038508000
038801000
039016000
039016000
039016003
039102017
039102017
039103002
039103003
039103014
039103015
039104002
039104003
039104004
039104005
039109018
039109019
039109021
039109022
039109031
039113011
039113011
039113017
039207018
039207019
039211034
039213027
039214030
039214031
039215043
039216003
039313026
039313027
039313027
039313027
039313027
039313027
039313028
039313029
039313029
039404014
039404014
039404014
039405019
039405025
039406007
039406007
039406008
039406011
039413023
040107000
040305010
040503001
040503002
040601000
040602104
040602107
040602108
040709100
040709102
040809003
040809003
040812006
040813002
040908003
040915000
042902113
042903100
042911001
043008004
043303100
